145.20
100.78
161.12
100.38
187.76
149.18
137.66
176.02
197.35
100.53
107.55
198.66
120.28
171.60
170.36
129.46
171.87
136.98
195.31
148.61
126.92
197.16
112.40
197.61
149.71
100.24
102.18
132.74
139.28
126.85
187.60
141.75
153.12
195.85
195.58
162.41
138.22
199.11
148.00
181.88
142.30
127.70
162.41
188.37
199.85
109.07
191.34
193.34
188.07
134.90
105.52
141.34
125.49
122.65
131.35
177.30
142.93
120.69
185.66
146.61
190.57
135.91
112.07
161.81
157.69
136.15
112.15
181.90
172.18
155.09
182.12
114.91
116.04
106.62
110.99
172.50
139.85
197.67
169.92
176.70
184.19
113.77
123.75
143.02
119.67
139.93
125.97
141.73
197.95
171.18
115.89
169.68
166.20
161.27
123.07
148.54
134.53
156.34
198.01
102.47
102.12
160.79
130.66
157.87
141.19
186.87
188.42
151.13
110.28
146.48
104.09
126.33
118.15
154.01
170.70
154.33
188.02
122.42
155.07
106.99
178.00
151.16
124.73
175.90
198.42
124.38
194.10
133.64
128.77
160.35
134.59
197.51
178.34
179.16
161.05
170.38
153.03
184.58
102.01
101.80
187.92
188.16
184.86
133.10
180.33
138.96
118.82
165.16
111.38
160.51
138.26
114.52
175.06
138.40
176.81
104.22
143.89
146.11
178.79
169.50
187.17
144.91
118.72
145.28
124.18
144.09
191.80
142.13
137.96
162.23
158.72
110.83
197.80
186.92
176.78
141.38
138.19
190.87
125.91
142.17
120.65
125.75
142.78
196.82
160.77
181.27
109.49
102.43
137.65
167.19
104.02
151.14
115.30
148.08
108.87
129.01
196.28
137.06
191.79
171.12
196.84
133.42
117.54
129.69
179.74
171.34
123.56
183.60
105.91
132.00
193.88
141.42
169.53
159.97
195.26
168.17
162.28
116.05
197.79
196.02
172.16
193.59
187.94
163.20
159.62
122.81
196.32
161.99
169.84
188.81
104.65
166.83
133.37
192.66
167.00
156.36
179.83
192.37
178.58
139.62
139.02
170.62
152.41
145.94
132.28
189.50
118.61
140.36
163.19
109.19
144.35
182.04
101.26
166.93
183.09
151.93
114.63
135.45
101.31
137.67
148.85
106.02
198.01
178.55
167.46
170.17
127.58
141.64
166.92
106.19
160.51
121.29
154.01
112.03
167.64
128.39
126.45
164.25
193.80
163.42
129.36
124.61
194.35
147.89
169.21
159.92
144.40
122.14
154.97
189.27
194.32
104.76
101.40
122.93
137.85
148.47
173.64
111.64
179.14
120.54
174.16
182.12
133.83
181.89
172.98
194.62
175.89
138.55
160.69
121.96
146.65
191.32
159.81
115.96
175.45
115.26
164.67
196.73
122.29
159.18
192.62
173.05
142.17
167.32
119.85
178.00
187.84
190.02
144.43
183.02
113.40
168.59
165.49
135.55
114.44
150.58
193.28
150.92
142.32
116.04
107.44
177.28
159.72
172.71
162.62
143.96
162.75
108.87
199.73
198.44
180.77
175.90
158.93
134.56
179.28
109.87
106.18
115.64
133.60
191.00
178.68
100.33
111.32
183.20
127.12
185.83
100.19
191.90
182.09
193.60
144.63
127.81
100.73
135.97
109.05
166.64
155.81
118.61
168.74
150.42
113.86
153.42
140.44
184.65
111.85
179.12
103.82
147.48
182.15
112.77
132.06
141.88
195.01
184.42
145.62
190.05
184.08
139.21
126.46
190.25
196.11
126.52
181.77
130.81
158.91
134.07
126.03
183.26
193.16
166.55
158.18
177.36
103.00
112.76
146.60
194.23
167.96
193.15
198.91
100.87
124.62
130.56
185.75
188.96
170.14
140.76
108.14
174.35
141.69
196.71
146.74
159.33
126.14
180.76
107.59
159.57
132.40
102.04
184.17
149.60
115.18
123.29
188.12
186.79
173.48
110.64
162.31
131.88
159.69
192.66
178.84
196.51
125.79
191.05
142.14
112.64
102.29
164.23
162.35
137.27
152.05
187.07
138.17
176.65
166.73
175.67
189.58
138.76
176.47
153.90
110.96
100.22
124.90
150.52
172.80
104.27
121.07
109.82
186.44
190.23
117.38
196.83
160.21
191.70
178.43
178.82
117.93
130.60
199.56
168.89
120.74
177.24
105.59
124.63
132.13
142.95
110.81
104.89
192.54
120.85
148.97
101.46
124.67
193.00
188.83
178.40
173.60
177.70
134.98
171.97
196.75
199.29
176.46
126.54
158.17
124.71
186.17
167.65
148.41
126.06
193.30
142.82
147.30
196.33
147.56
192.24
169.78
166.76
169.33
147.40
187.24
148.66
133.10
193.40
196.16
149.80
162.76
172.81
113.96
196.13
126.85
153.12
117.98
123.41
109.53
127.86
107.57
189.82
198.70
172.18
161.72
100.99
176.50
127.80
184.95
131.55
119.49
149.21
182.67
173.76
115.84
103.53
184.18
142.97
185.15
179.48
135.69
122.23
142.71
127.68
119.37
133.65
184.75
124.05
114.86
183.27
183.53
120.64
109.20
137.47
172.09
124.58
178.21
154.32
167.15
124.22
107.94
111.27
125.74
164.18
198.27
141.36
156.19
156.02
192.22
115.14
107.26
199.67
104.76
182.36
140.77
182.27
182.25
118.22
152.22
115.72
110.22
102.86
141.85
172.02
100.94
199.31
154.00
176.18
134.72
185.18
196.64
120.76
199.38
136.49
125.02
173.03
170.52
158.10
123.10
156.05
102.30
104.68
145.18
198.36
152.91
138.43
185.96
163.41
151.95
125.48
132.22
189.69
128.05
181.39
111.47
194.98
153.95
138.35
193.95
124.17
133.94
121.11
123.15
149.23
153.58
187.23
146.83
161.81
135.45
108.14
195.83
134.27
196.12
141.83
111.00
163.44
179.53
175.60
150.17
152.83
149.66
197.67
116.19
133.49
161.54
190.36
135.05
171.85
193.90
124.02
178.56
163.23
118.69
171.28
169.96
164.37
103.58
153.89
133.01
174.65
191.71
180.78
144.75
136.81
179.86
135.23
130.94
190.54
120.72
121.62
198.99
179.43
108.34
187.43
138.01
181.06
166.19
195.44
128.14
102.84
147.12
132.27
191.82
162.21
171.25
104.74
188.94
148.56
173.52
193.56
104.24
146.66
106.16
104.84
101.07
186.39
142.81
184.45
118.09
172.15
161.03
137.61
167.59
136.58
137.69
126.64
153.02
158.14
177.84
103.51
161.21
179.65
111.83
170.69
100.35
165.78
137.69
153.62
148.80
141.70
156.14
111.40
151.53
161.82
144.39
108.22
151.36
168.27
141.14
117.59
170.13
111.78
170.35
133.76
161.63
124.38
114.08
120.31
142.04
152.72
155.75
134.60
166.86
183.88
154.29
128.57
163.63
121.08
177.15
141.33
148.60
195.93
115.18
166.95
152.74
135.95
126.34
102.33
157.24
141.33
106.52
153.94
192.15
163.13
165.67
110.06
183.12
116.94
195.50
165.39
140.33
110.39
150.68
118.85
171.89
110.70
130.03
152.06
169.25
129.40
136.20
135.85
156.03
155.42
112.84
105.54
114.07
124.56
106.85
191.56
200.00
174.11
179.86
191.50
144.35
194.24
197.95
121.98
181.29
154.71
161.46
194.62
191.64
154.81
197.91
118.54
154.49
117.27
130.00
144.19
193.20
122.84
148.12
127.87
170.82
161.20
162.21
114.56
136.55
155.78
181.19
107.79
150.23
105.80
169.98
119.62
114.80
176.66
163.88
171.27
128.47
161.73
178.00
145.42
127.21
133.08
135.39
174.99
126.30
196.34
151.80
190.02
185.09
165.95
157.23
134.08
113.13
180.89
104.73
104.87
107.61
188.29
115.69
169.79
162.43
132.36
137.31
156.60
117.22
199.62
142.75
121.61
121.00
187.92
187.57
153.67
169.73
186.17
146.70
180.58
139.59
174.79
195.87
106.74
178.45
182.40
168.24
125.37
136.94
163.52
112.62
117.12
117.48
194.20
103.26
167.79
194.66
117.45
102.56
112.27
113.72
109.16
158.23
139.38
105.07
176.35
124.01
172.61
162.39
144.31
129.21
175.72
119.36
137.12
186.64
118.73
125.90
106.65
120.48
180.03
168.39
119.31
116.32
153.11
100.80
166.97
143.97
172.87
153.17
128.54
180.46
175.61
162.55
172.32
165.20
159.36
127.62
155.58
152.46
116.69
122.86
147.43
187.08
170.79
120.51
174.02
118.76
157.68
159.48
160.60
187.32
162.00
169.17
124.44
156.92
132.11
103.04
154.34
150.61
171.46
162.01
197.93
138.38
127.30
190.85
166.28
161.56
175.46
112.22
156.87
134.35
130.36
122.33
190.55
149.39
193.15
109.91
155.89
128.29
187.70
175.90
155.26
100.41
124.08
